4294967279,387
79,4
79,3
79,2
79,1
78,5
78,4
78,3
78,2
78,1
77,8
77,7
77,6
77,5
77,4
77,3
77,2
77,1
76,8
4294967294,1440
76,7
76,6
76,5
76,4
76,3
76,2
76,1
4294967294,1451
75,8
75,7
75,6
75,5
75,4
75,3
75,2
75,1
74,6
74,5
74,4
74,3
74,2
74,1
73,9
73,8
73,7
4294967278,334
73,6
73,5
73,4
73,3
73,2
73,1
72,10
72,9
4294967279,386
72,8
4294967294,1450
4294967279,385
4294967278,333
72,7
4294967278,332
72,6
4294967279,384
72,5
72,4
72,3
72,2
72,1
71,10
4294967278,331
71,9
71,8
71,7
71,6
71,5
71,4
71,3
71,2
71,1
70,4
70,3
70,2
70,1
69,7
69,6
69,5
69,4
69,3
69,2
69,1
4294967278,330
68,7
68,6
4294967294,1449
68,5
68,4
68,3
68,2
68,1
4294967294,502
4294967294,1448
67,9
67,8
67,7
67,6
4294967294,1447
67,5
67,4
67,3
67,2
67,1
4294967278,329
66,6
66,5
66,4
66,3
66,2
66,1
65,6
65,5
65,4
65,3
65,2
65,1
64,6
64,5
64,4
64,3
64,2
64,1
63,5
63,4
63,3
63,2
63,1
62,8
4294967278,328
62,7
62,6
62,5
62,4
62,3
62,2
62,1
61,13
61,12
4294967278,327
61,11
4294967278,326
61,10
4294967278,325
61,9
61,8
61,7
61,6
61,5
61,4
61,3
61,2
61,1
60,6
60,5
60,4
60,3
60,2
60,1
4294967278,324
59,7
4294967278,323
59,6
59,5
59,4
59,3
59,2
59,1
4294967278,322
58,5
58,4
58,3
58,2
58,1
4294967294,1417
4294967294,501
57,5
57,4
57,3
57,2
57,1
4294967294,1446
4294967294,1445
56,6
56,5
56,4
56,3
56,2
56,1
55,6
55,5
55,4
55,3
55,2
55,1
54,12
54,11
54,10
54,9
4294967294,1429
54,8
54,7
54,6
54,5
54,4
54,3
54,2
54,1
4294967294,1444
53,7
53,6
53,5
53,4
53,3
53,2
53,1
52,5
52,4
52,3
52,2
52,1
51,8
4294967278,321
51,7
51,6
51,5
51,4
51,3
51,2
51,1
4294967294,1443
50,5
50,4
50,3
50,2
50,1
49,13
49,12
4294967278,320
49,11
49,10
49,9
49,8
49,7
4294967294,1442
49,6
49,5
49,4
49,3
49,2
49,1
48,6
48,5
48,4
48,3
48,2
48,1
47,5
47,4
47,3
47,2
47,1
4294967294,500
46,15
4294967294,1426
46,14
46,13
46,12
46,11
46,10
46,9
4294967294,1441
46,8
46,7
46,6
46,5
46,4
46,3
46,2
46,1
45,6
45,5
45,4
45,3
45,2
45,1
44,11
44,10
44,9
44,8
44,7
4294967294,1439
4294967294,1438
4294967294,52
44,6
44,5
44,4
44,3
44,2
44,1
43,5
43,4
43,3
43,2
43,1
42,8
42,7
42,6
42,5
42,4
42,3
42,2
42,1
41,5
41,4
41,3
41,2
41,1
4294967294,499
4294967294,1437
4294967294,1423
40,11
40,10
40,9
40,8
40,7
40,6
40,5
40,4
40,3
40,2
40,1
4294967294,1436
39,5
39,4
39,3
39,2
39,1
4294967278,575
38,9
4294967279,383
38,8
38,7
4294967278,574
38,6
4294967294,1435
38,5
38,4
38,3
38,2
38,1
4294967278,573
4294967294,1434
37,5
37,4
37,3
37,2
37,1
36,7
36,6
4294967279,382
36,5
36,4
36,3
36,2
36,1
35,5
35,4
35,3
35,2
35,1
34,7
4294967294,1433
4294967278,572
34,6
4294967278,571
4294967279,381
4294967279,380
34,5
34,4
34,3
34,2
34,1
33,6
33,5
33,4
33,3
33,2
33,1
32,4
32,3
32,2
32,1
31,6
4294967294,498
31,5
31,4
31,3
31,2
31,1
4294967278,570
30,7
30,6
30,5
4294967294,1432
30,4
30,3
30,2
30,1
29,4
29,3
29,2
29,1
4294967279,379
28,7
4294967279,378
28,6
4294967279,377
28,5
28,4
28,3
28,2
28,1
4294967294,973
4294967279,376
27,6
4294967278,569
4294967278,568
27,5
27,4
27,3
27,2
27,1
4294967278,567
26,6
4294967279,375
26,5
26,4
26,3
26,2
26,1
25,5
25,4
25,3
25,2
25,1
4294967294,497
4294967294,496
4294967278,566
24,19
4294967294,495
4294967279,374
24,18
4294967294,494
24,17
4294967294,493
4294967278,565
4294967278,564
24,16
4294967294,492
24,15
4294967294,491
24,14
4294967294,490
24,13
4294967294,489
4294967278,563
4294967279,373
24,12
4294967294,488
4294967279,372
4294967278,562
4294967279,371
4294967279,370
24,11
4294967294,487
4294967278,561
4294967279,369
4294967278,560
24,10
